Processing sensor data set for /home/2013/jdsilv2/206/m3/sensorlogs/febwk1/sensordata-feb1.log
Year,Month,Day,Hour,Sensor1,Sensor2,Sensor3,Sensor4,Sensor5
2021,02,01,00,-12.35,-11.90,-11.97,-11.05,-11.65
2021,02,01,01,-13.85,-11.90,-12.97,-11.05,-11.65
2021,02,01,02,-14.35,-11.90,-13.47,-12.55,-11.65
2021,02,01,03,-15.35,-13.40,-13.47,-13.55,-13.15
2021,02,01,04,-15.85,-14.40,-14.97,-15.05,-13.15
2021,02,01,05,-17.35,-14.40,-15.97,-16.55,-13.15
2021,02,01,06,-16.35,-14.90,-15.97,-15.05,-12.65
2021,02,01,07,-15.85,-14.40,-14.97,-14.05,-11.65
2021,02,01,08,-15.35,-13.90,-14.97,-13.05,-11.15
2021,02,01,09,-14.35,-12.90,-13.97,-13.05,-10.65
2021,02,01,10,-14.35,-11.90,-13.97,-13.05,-10.65
2021,02,01,11,-14.35,-11.40,-12.97,-12.55,-9.65
2021,02,01,12,-12.85,-9.90,-12.97,-12.55,-9.15
2021,02,01,13,-11.35,-9.40,-11.47,-11.05,-7.65
2021,02,01,14,-10.85,-7.90,-11.47,-10.05,-6.15
2021,02,01,15,-10.85,-7.90,-10.47,-9.55,-5.15
2021,02,01,16,-10.85,-7.40,-8.97,-9.55,-5.15
2021,02,01,17,-10.35,-7.40,-7.47,-8.05,-3.65
2021,02,01,18,-10.35,-7.40,-7.47,-7.05,-3.65
2021,02,01,19,-11.85,-7.40,-6.97,-7.55,-4.15
2021,02,01,20,-12.85,-7.40,-6.97,-8.05,-5.65
2021,02,01,21,-12.85,-8.40,-7.47,-9.05,-7.15
2021,02,01,22,-12.85,-9.40,-7.47,-10.05,-7.15
2021,02,01,23,-12.85,-10.90,-7.47,-10.55,-8.65
====================================
Readout statistics
Year,Month,Hour,MaxTemp,MaxSensor,MinTemp,MinSensor
2021,02,01,00,-11.05,Sensor4,-12.35,Sensor1
2021,02,01,01,-11.65,Sensor5,-13.85,Sensor1
2021,02,01,02,-11.90,Sensor2,-14.35,Sensor1
2021,02,01,03,-13.15,Sensor5,-15.35,Sensor1
2021,02,01,04,-13.15,Sensor5,-15.85,Sensor1
2021,02,01,05,-13.15,Sensor5,-17.35,Sensor1
2021,02,01,06,-12.65,Sensor5,-16.35,Sensor1
2021,02,01,07,-11.65,Sensor5,-15.85,Sensor1
2021,02,01,08,-11.15,Sensor5,-15.35,Sensor1
2021,02,01,09,-10.65,Sensor5,-14.35,Sensor1
2021,02,01,10,-10.65,Sensor5,-14.35,Sensor1
2021,02,01,11,-9.65,Sensor5,-12.97,Sensor3
2021,02,01,12,-9.15,Sensor5,-12.97,Sensor3
2021,02,01,13,-7.65,Sensor5,-11.47,Sensor3
2021,02,01,14,-6.15,Sensor5,-11.47,Sensor3
2021,02,01,15,-5.15,Sensor5,-10.85,Sensor1
2021,02,01,16,-7.40,Sensor2,-10.85,Sensor1
2021,02,01,17,-3.65,Sensor5,-10.35,Sensor1
2021,02,01,18,-3.65,Sensor5,-10.35,Sensor1
2021,02,01,19,-4.15,Sensor5,-11.85,Sensor1
2021,02,01,20,-5.65,Sensor5,-12.85,Sensor1
2021,02,01,21,-7.15,Sensor5,-9.05,Sensor4
2021,02,01,22,-7.15,Sensor5,-12.85,Sensor1
2021,02,01,23,-7.47,Sensor3,-12.85,Sensor1
====================================
Processing sensor data set for /home/2013/jdsilv2/206/m3/sensorlogs/febwk3/sensordata-feb15.log
Year,Month,Day,Hour,Sensor1,Sensor2,Sensor3,Sensor4,Sensor5
2021,02,15,00,-12.25,-11.93,-11.07,-11.70,-12.50
2021,02,15,01,-13.25,-11.93,-11.07,-12.70,-14.00
2021,02,15,02,-14.75,-12.93,-12.57,-13.70,-15.50
2021,02,15,03,-14.75,-13.43,-13.07,-13.70,-17.00
2021,02,15,04,-16.25,-13.43,-14.07,-14.20,-18.00
2021,02,15,05,-16.75,-14.43,-14.07,-14.20,-19.50
2021,02,15,06,-15.25,-14.43,-15.57,-14.20,-18.00
2021,02,15,07,-13.75,-12.93,-15.57,-14.20,-18.00
2021,02,15,08,-12.25,-12.93,-15.57,-13.20,-16.50
2021,02,15,09,-11.25,-11.43,-15.57,-11.70,-15.50
2021,02,15,10,-11.25,-10.43,-14.07,-11.70,-14.50
2021,02,15,11,-10.25,-9.43,-13.57,-10.70,-14.50
2021,02,15,12,-8.75,-7.93,-13.57,-10.70,-12.50
2021,02,15,13,-8.75,-7.93,-12.07,-10.20,-11.50
2021,02,15,14,-6.25,-7.93,-12.07,-8.70,-11.00
2021,02,15,15,-5.75,-6.93,-10.57,-7.70,-11.00
2021,02,15,16,-5.25,-6.43,-9.07,-6.20,-10.50
2021,02,15,17,-3.75,-6.43,-8.07,-5.70,-10.50
2021,02,15,18,-3.75,-4.93,-7.07,-4.20,-9.00
2021,02,15,19,-4.25,-5.93,-7.07,-5.70,-9.00
2021,02,15,20,-5.75,-5.93,-7.07,-6.20,-10.50
2021,02,15,21,-6.75,-6.93,-10.07,-6.70,-12.00
2021,02,15,22,-7.25,-8.43,-11.07,-8.20,-13.50
2021,02,15,23,-7.25,-9.43,-12.07,-8.70,-14.00
====================================
Readout statistics
Year,Month,Hour,MaxTemp,MaxSensor,MinTemp,MinSensor
2021,02,15,00,-11.07,Sensor3,-12.50,Sensor5
2021,02,15,01,-12.70,Sensor4,-14.00,Sensor5
2021,02,15,02,-12.57,Sensor3,-15.50,Sensor5
2021,02,15,03,-13.07,Sensor3,-17.00,Sensor5
2021,02,15,04,-13.43,Sensor2,-18.00,Sensor5
2021,02,15,05,-14.20,Sensor4,-19.50,Sensor5
2021,02,15,06,-14.20,Sensor4,-18.00,Sensor5
2021,02,15,07,-12.93,Sensor2,-18.00,Sensor5
2021,02,15,08,-12.25,Sensor1,-16.50,Sensor5
2021,02,15,09,-11.25,Sensor1,-15.57,Sensor3
2021,02,15,10,-10.43,Sensor2,-14.50,Sensor5
2021,02,15,11,-9.43,Sensor2,-13.57,Sensor3
2021,02,15,12,-7.93,Sensor2,-13.57,Sensor3
2021,02,15,13,-7.93,Sensor2,-12.07,Sensor3
2021,02,15,14,-6.25,Sensor1,-11.00,Sensor5
2021,02,15,15,-5.75,Sensor1,-10.57,Sensor3
2021,02,15,16,-5.25,Sensor1,-10.50,Sensor5
2021,02,15,17,-3.75,Sensor1,-10.50,Sensor5
2021,02,15,18,-4.20,Sensor4,-9.00,Sensor5
2021,02,15,19,-4.25,Sensor1,-9.00,Sensor5
2021,02,15,20,-5.75,Sensor1,-10.50,Sensor5
2021,02,15,21,-6.70,Sensor4,-12.00,Sensor5
2021,02,15,22,-7.25,Sensor1,-13.50,Sensor5
2021,02,15,23,-8.70,Sensor4,-14.00,Sensor5
====================================
Processing sensor data set for /home/2013/jdsilv2/206/m3/sensorlogs/janwk4/sensordata-jan30.log
Year,Month,Day,Hour,Sensor1,Sensor2,Sensor3,Sensor4,Sensor5
2021,01,30,00,-8.47,-8.30,-9.28,-10.22,-8.28
2021,01,30,01,-8.97,-8.30,-10.78,-11.22,-8.28
2021,01,30,02,-9.97,-8.30,-11.78,-11.22,-9.78
2021,01,30,03,-10.97,-8.30,-11.78,-11.22,-10.78
2021,01,30,04,-11.97,-9.80,-13.28,-12.22,-10.78
2021,01,30,05,-12.97,-10.80,-14.28,-12.72,-11.28
2021,01,30,06,-12.47,-10.80,-13.28,-11.22,-9.78
2021,01,30,07,-11.47,-8.80,-12.28,-10.22,-9.28
2021,01,30,08,-10.47,-8.80,-12.28,-8.72,-8.28
2021,01,30,09,-9.97,-7.30,-12.28,-7.22,-6.78
2021,01,30,10,-8.47,-6.30,-12.28,-5.72,-6.78
2021,01,30,11,-8.47,-6.30,-11.78,-5.72,-5.28
2021,01,30,12,-7.97,-6.30,-10.78,-4.72,-4.78
2021,01,30,13,-7.47,-4.30,-10.78,-4.22,-4.28
2021,01,30,14,-7.47,-3.30,-8.78,-4.22,-3.28
2021,01,30,15,-5.97,-3.30,-8.78,-4.22,-1.78
2021,01,30,16,-5.47,-1.80,-7.78,-4.22,-1.78
2021,01,30,17,-3.97,-1.30,-7.28,-4.22,-1.78
2021,01,30,18,-3.97,0.20,-7.28,-4.22,-0.28
2021,01,30,19,-2.47,-0.30,-7.28,-5.72,-0.78
2021,01,30,20,-3.97,-0.30,-7.78,-5.72,-1.78
2021,01,30,21,-4.47,-1.30,-7.78,-5.72,-1.78
2021,01,30,22,-5.97,-1.80,-8.78,-6.22,-1.78
2021,01,30,23,-5.97,-1.80,-8.78,-6.22,-2.28
====================================
Readout statistics
Year,Month,Hour,MaxTemp,MaxSensor,MinTemp,MinSensor
2021,01,30,00,-8.28,Sensor5,-10.22,Sensor4
2021,01,30,01,-8.28,Sensor5,-11.22,Sensor4
2021,01,30,02,-8.30,Sensor2,-11.78,Sensor3
2021,01,30,03,-8.30,Sensor2,-11.22,Sensor4
2021,01,30,04,-9.80,Sensor2,-13.28,Sensor3
2021,01,30,05,-10.80,Sensor2,-14.28,Sensor3
2021,01,30,06,-9.78,Sensor5,-13.28,Sensor3
2021,01,30,07,-8.80,Sensor2,-12.28,Sensor3
2021,01,30,08,-8.28,Sensor5,-12.28,Sensor3
2021,01,30,09,-6.78,Sensor5,-9.97,Sensor1
2021,01,30,10,-5.72,Sensor4,-8.47,Sensor1
2021,01,30,11,-5.28,Sensor5,-11.78,Sensor3
2021,01,30,12,-4.72,Sensor4,-10.78,Sensor3
2021,01,30,13,-4.22,Sensor4,-7.47,Sensor1
2021,01,30,14,-3.28,Sensor5,-8.78,Sensor3
2021,01,30,15,-1.78,Sensor5,-8.78,Sensor3
2021,01,30,16,-1.80,Sensor2,-7.78,Sensor3
2021,01,30,17,-1.30,Sensor2,-7.28,Sensor3
2021,01,30,18,0.20,Sensor2,-7.28,Sensor3
2021,01,30,19,-0.30,Sensor2,-7.28,Sensor3
2021,01,30,20,-0.30,Sensor2,-7.78,Sensor3
2021,01,30,21,-1.30,Sensor2,-5.72,Sensor4
2021,01,30,22,-1.78,Sensor5,-8.78,Sensor3
2021,01,30,23,-1.80,Sensor2,-6.22,Sensor4
====================================
Processing sensor data set for /home/2013/jdsilv2/206/m3/sensorlogs/janwk4/sensordata-jan25.log
Year,Month,Day,Hour,Sensor1,Sensor2,Sensor3,Sensor4,Sensor5
2021,01,25,00,0.48,0.23,1.57,0.57,0.25
2021,01,25,01,0.48,0.23,1.07,-0.43,-0.75
2021,01,25,02,0.48,-0.77,0.07,-0.93,-2.25
2021,01,25,03,0.48,-1.27,-0.43,-1.43,-3.75
2021,01,25,04,-1.02,-1.27,-1.43,-1.43,-5.25
2021,01,25,05,-1.52,-2.27,-1.93,-1.43,-5.75
2021,01,25,06,-1.02,-2.27,-0.43,0.07,-4.25
2021,01,25,07,-1.02,-2.27,0.07,0.07,-3.25
2021,01,25,08,-0.02,0.73,0.57,1.07,-2.25
2021,01,25,09,0.48,1.73,1.57,1.07,-1.75
2021,01,25,10,0.98,1.73,1.57,1.57,-1.75
2021,01,25,11,0.98,1.73,2.58,2.08,-0.25
2021,01,25,12,1.98,1.73,3.08,2.08,0.75
2021,01,25,13,1.98,3.73,3.08,5.08,0.75
2021,01,25,14,3.48,3.73,4.08,5.08,0.75
2021,01,25,15,4.97,3.73,4.58,6.58,2.25
2021,01,25,16,4.97,3.73,5.58,7.08,2.25
2021,01,25,17,6.97,4.22,6.08,8.57,2.75
2021,01,25,18,7.97,4.72,6.08,9.07,3.75
2021,01,25,19,7.97,4.72,6.08,9.07,3.75
2021,01,25,20,5.97,4.72,6.08,7.57,2.25
2021,01,25,21,4.97,4.22,5.08,6.57,2.25
2021,01,25,22,3.47,4.22,4.08,5.07,0.75
2021,01,25,23,2.97,4.22,4.08,3.57,-0.25
====================================
Readout statistics
Year,Month,Hour,MaxTemp,MaxSensor,MinTemp,MinSensor
2021,01,25,00,1.57,Sensor3,0.23,Sensor2
2021,01,25,01,1.07,Sensor3,-0.75,Sensor5
2021,01,25,02,0.48,Sensor1,-2.25,Sensor5
2021,01,25,03,0.48,Sensor1,-3.75,Sensor5
2021,01,25,04,-1.02,Sensor1,-5.25,Sensor5
2021,01,25,05,-1.43,Sensor4,-5.75,Sensor5
2021,01,25,06,0.07,Sensor4,-4.25,Sensor5
2021,01,25,07,0.07,Sensor3,-3.25,Sensor5
2021,01,25,08,1.07,Sensor4,-2.25,Sensor5
2021,01,25,09,1.73,Sensor2,-1.75,Sensor5
2021,01,25,10,1.73,Sensor2,-1.75,Sensor5
2021,01,25,11,2.58,Sensor3,-0.25,Sensor5
2021,01,25,12,3.08,Sensor3,0.75,Sensor5
2021,01,25,13,5.08,Sensor4,0.75,Sensor5
2021,01,25,14,5.08,Sensor4,0.75,Sensor5
2021,01,25,15,6.58,Sensor4,2.25,Sensor5
2021,01,25,16,7.08,Sensor4,2.25,Sensor5
2021,01,25,17,8.57,Sensor4,2.75,Sensor5
2021,01,25,18,9.07,Sensor4,3.75,Sensor5
2021,01,25,19,9.07,Sensor4,3.75,Sensor5
2021,01,25,20,7.57,Sensor4,2.25,Sensor5
2021,01,25,21,6.57,Sensor4,2.25,Sensor5
2021,01,25,22,5.07,Sensor4,0.75,Sensor5
2021,01,25,23,4.22,Sensor2,-0.25,Sensor5
====================================
Sensor error statistics
Year,Month,Day,Sensor1,Sensor2,Sensor3,Sensor4,Sensor5,Total
2021,01,30,2,2,6,2,3,15
2021,01,25,3,6,3,1,0,13
2021,02,15,3,2,5,1,2,13
2021,02,01,2,3,1,2,2,10
